51888
77513
74382
25885
34993
82302
25445
97901
92599
33748
25963
85172
80960
53158
71736
42742
7142
98485
27344
31874
12991
65061
40759
40842
53131
77076
44825
37089
31616
37650
61363
83301
87480
19541
38241
94655
65871
94472
60197
81514
70453
31866
89511
69876
97923
69878
45614
35853
10669
98703
8138
60077
42675
22343
17092
47951
55970
10549
77741
10341
58935
82202
60470
86423
51210
29605
20575
97886
44277
71126
28370
79087
51313
47695
58767
69669
13190
99200
28645
68946
65963
65489
92619
81948
66288
58891
91710
31796
29409
76809
20540
71862
59937
29075
86324
27807
96128
70846
40021
57966
80358
87329
35669
36695
69864
48400
53279
13155
